id,MWS,EAP,HPL
id02310,0.9389938556167771,0.053271370750434824,0.007734773632787368
id24541,0.001903589225259514,0.975231381936893,0.022865028837847648
id00134,0.012538887961052464,0.015239735674700721,0.9722213763642483
id27757,0.016931277505703186,0.48981969810089265,0.49324902439340335
id04081,0.17573756083384448,0.6449189275897427,0.17934351157641315
id27337,0.00205013739624042,0.9322391755809661,0.06571068702279317
id24265,0.007366549875775086,0.969120972914112,0.023512477210112293
id25917,0.8059805412953573,0.02203068666568193,0.17198877203896207
id04951,0.0001428514169012114,0.9955088807730097,0.004348267810088623
id14549,0.03465173021329906,0.9489341686168834,0.016414101169816953
id22505,0.9082791927316571,0.048815827232898144,0.042904980035445676
id24002,0.0059036360602497066,0.00118887360643427,0.9929074903333164
id18982,0.4984341655398309,0.1852648567544498,0.31630097770571997
id15181,0.0044663633920646725,0.029340365154500326,0.9661932714534356
id21888,0.2119253316384671,0.7549555788384139,0.03311908952311816
id12035,0.9924723116344997,0.00688522529052539,0.0006424630749741246
id17991,0.8129531094587258,0.18066787320309577,0.006379017338179028
id10707,0.000171234967759113,0.9994889065834737,0.0003398584487688276
id07101,0.2704098158870329,0.6094743659868905,0.12011581812607615
id00345,0.011933546410580137,0.5371520255560481,0.4509144280333713
id05912,0.03355521089508356,0.9394489471005357,0.026995842004380967
id13443,0.031065225274474337,0.9454395563766131,0.023495218348911752
id09248,0.7405732225407349,0.21122356814153342,0.048203209317731116
id17542,0.02783897372554968,0.06595803571660115,0.9062029905578498
id06995,0.8988035065876431,0.09962479078386616,0.0015717026284898074
id25159,0.2758820993594688,0.6912643832245979,0.03285351741593367
id25729,0.056249665675023985,0.27736193857847075,0.666388395746506
id26949,0.006438359096359059,0.9705178658437319,0.023043775059908556
id27191,0.9653753700187288,0.03338341563547947,0.0012412143457916933
id07668,0.8922383143076172,0.10668827917212122,0.0010734065202601902
id02230,0.659138738112369,0.052419524749074735,0.2884417371385571
id15553,0.0010052781998011048,0.9986989128359604,0.00029580896423791466
id25688,0.017398342500221476,0.005487065288360232,0.9771145922114176
id17545,0.010815578391191029,0.92888127433655,0.06030314727225976
id13929,0.48248039927057373,0.2974869930731992,0.22003260765622745
id12880,0.2754973809083689,0.3438700527237014,0.3806325663679291
id19282,0.13337322735931334,0.8184953765065405,0.04813139613414685
id14690,0.9912624464377014,0.006349793394266492,0.0023877601680318936
id17975,0.01648954391251085,0.07322624741361995,0.9102842086738682
id08037,0.09256040135018141,0.905259536519952,0.0021800621298684337
id15412,0.8179296358093094,0.17155450521684798,0.01051585897384247
id25032,0.29125963538055866,0.6264877101481928,0.08225265447124872
id27165,0.000491675041686775,0.9984354379182332,0.0010728870400793452
id03327,0.06090087173168117,0.8022942750233798,0.13680485324493924
id18515,0.07224269672109364,0.8765443531203805,0.05121295015852565
id21003,0.8560428674427061,0.12253091535785686,0.021426217199436572
id23855,0.11824433027416993,0.006937946063804725,0.8748177236620246
id20724,0.021994778996363377,0.9376198036499805,0.040385417353656354
id13303,0.4012138956043826,0.5205241224754101,0.0782619819202068
id16521,0.3471939583798044,0.0071735896167644695,0.6456324520034321
id20775,0.0003060590011394746,0.9985208243210665,0.0011731166777929445
id13029,0.01662230100419649,0.972197484525232,0.01118021447057176
id14660,0.03376756247759509,0.7427780705074389,0.22345436701496696
id11028,0.9788967150073986,0.020397244107255155,0.0007060408853453625
id14180,0.005837218271450797,0.9695724407313123,0.024590340997236972
id25860,0.0013839637208748522,0.9975073110410023,0.001108725238122782
id11910,0.39776221944115114,0.5939637950303147,0.008273985528533685
id08065,0.8643193841077995,0.11432204246059131,0.02135857343160871
id22674,0.9741566451697153,0.021454625557604377,0.004388729272679545
id25018,0.6713337020787542,0.31788051128639394,0.010785786634852655
id10892,0.003084755227014326,0.03970892127595737,0.9572063234970283
id10217,0.012594985721042444,0.7405750293633315,0.2468299849156246
id12996,0.641624328793326,0.2573138392924468,0.10106183191422699
id18262,0.22364981568223363,0.6336669260342773,0.1426832582834903
id08606,0.0033138269862226723,0.01601204983362582,0.9806741231801531
id17233,0.04360043485635568,0.9215516024685272,0.034847962675117396
id00101,0.02581908480223498,0.6277051912338064,0.34647572396395937
id12225,0.04059113877255807,0.8838865289846501,0.07552233224279183
id01364,0.005120319216612003,0.02214433031128337,0.9727353504721047
id24973,0.15546742109845307,0.8384111855764516,0.00612139332509625
id25363,0.4595056072151017,0.5391984676873504,0.001295925097547057
id10061,0.5316399881519766,0.43207711912295893,0.03628289272506482
id17673,0.07508972310338981,0.1962766657603523,0.7286336111362574
id13249,0.7407683740515538,0.16315077102764633,0.09608085492079943
id10107,0.9430908499552718,0.0465372202631404,0.01037192978158697
id04403,0.05731600108623132,0.9404167170577872,0.002267281855982512
id25728,0.10564012546111602,0.871052841379604,0.023307033159280757
id16184,0.8283967112054246,0.12910575219284368,0.042497536601731854
id03438,0.9616888496480024,0.03728256485830503,0.0010285854936928898
id22923,0.002487232689564687,0.030968432465842424,0.9665443348445922
id08610,0.004391568383041681,0.9907776990647655,0.0048307325521919214
id25355,0.958018507357073,0.025926052948117298,0.016055439694809125
id16916,0.037453735973841426,0.5802164105233255,0.3823298535028339
id12793,0.041045776260016514,0.05367599148471994,0.9052782322552629
id11859,0.35225897144883106,0.5878079362430451,0.05993309230812469
id02434,0.0013168152021544412,0.9981683132778884,0.0005148715199560788
id27703,0.9964236824658858,0.002502473321076641,0.001073844213037162
id25212,0.03385036365342621,0.1273832316730311,0.8387664046735441
id11308,0.8000433257404964,0.09090857256152413,0.10904810169797961
id26094,0.004983649812526032,0.9864050985499859,0.008611251637488413
id22080,0.01075460499370494,0.8060199086748754,0.18322548633141908
id03545,0.0009623148401717553,0.9889958603009222,0.010041824858905292
id23725,0.9874678344566369,0.007994831219806304,0.004537334323556364
id12009,0.09185128003293608,0.7791999045930743,0.12894881537399036
id24241,0.45596263982838214,0.1000896689960482,0.4439476911755697
id03596,0.001749222731473657,0.009909382514099403,0.9883413947544271
id10749,0.05906809126932654,0.25963542864657607,0.6812964800840966
id22794,0.9861681744991806,0.006824183138279927,0.0070076423625394565
id15482,0.16407458026612884,0.4439043764948195,0.3920210432390526
id04833,0.012794280661302247,0.9014669828989205,0.08573873643977661
id00397,0.9731984907123895,0.026745985836628017,5.552345098231931e-05
id14691,0.9261395243534758,0.01952926147654276,0.05433121416997961
id05193,0.6626589370046768,0.32884747007894644,0.00849359291637613
id19541,0.05000806884830456,0.9377926952280924,0.012199235923602158
id22166,0.995280952262834,0.0039487896270595695,0.0007702581101054442
id20744,0.9951962844303669,0.0037413868949190397,0.0010623286747131048
id10392,0.9848245653048106,0.0003730933728844648,0.014802341322305367
id00770,0.005154900448387058,0.9867813566991728,0.008063742852441963
id06018,0.011164357586181776,0.5493349781748997,0.4395006642389184
id15678,0.5816794887520055,0.4039987132517362,0.014321797996258883
id08305,0.010091918715801968,0.9355367596984003,0.054371321585797605
id08903,0.7156821555142664,0.2648382626830694,0.0194795818026636
id14752,0.006464636170676417,0.3108165612976366,0.6827188025316852
id12468,0.0061663337341193196,0.15740309931812185,0.8364305669477592
id05085,0.029736014549693265,0.7027771915982421,0.26748679385206403
id21993,0.7112478225667123,0.27461290568783786,0.014139271745450162
id15503,0.03611359367499984,0.8763070797049192,0.08757932662008139
id03021,0.01968092093881428,0.0013867302647122858,0.9789323487964734
id16123,0.0005107762660137301,0.99599067510911,0.003498548624876571
id19383,0.005987647494736652,0.9855110339557968,0.00850131854946583
id04186,0.03145656576570266,0.9683901850364176,0.000153249197879362
id17954,0.9868387779815784,0.011085539086904685,0.0020756829315175395
id12030,0.7093817161561691,0.27283512326404624,0.017783160579784418
id13020,0.007333009325402295,0.9665630824344693,0.02610390824012866
id25327,0.09728343048191122,0.005493857115053533,0.8972227124030361
id16344,0.6370896251748036,0.2740937424196971,0.08881663240549927
id12303,0.016597255253510832,0.15507976359656814,0.8283229811499201
id15017,0.00014823292806600557,0.9774484434958786,0.022403323576056355
id22308,0.5937422945037077,0.37426456109112743,0.03199314440516391
id06536,0.9492119772453339,0.004378417192799991,0.046409605561866324
id19797,0.03673424000000664,0.182767431763733,0.7804983282362609
id06332,0.09775931093995177,0.5515842465709544,0.3506564424890946
id22941,0.8675363753838297,0.047459518582498,0.08500410603367202
id13547,0.8988305174797779,0.01866661284464037,0.08250286967558092
id06928,0.9905896783395189,0.008788022526521506,0.0006222991339596438
id12521,0.028285992312455786,0.8381584991433002,0.13355550854424483
id25716,0.13598005646546568,0.8584193792159419,0.005600564318592043
id27116,0.9964335762792021,0.003529836508500533,3.6587212297116485e-05
id19941,0.06485974198948263,0.054174275620235156,0.8809659823902819
id05711,0.996665775843065,0.0028081586581187317,0.0005260654988157441
id02097,0.9669916878073053,0.005761892246232103,0.027246419946464595
id03563,0.0067455075986349675,0.01748538135500415,0.9757691110463622
id02295,0.07837439127997402,0.1942505754845233,0.7273750332355025
id08179,0.0014072011217103198,0.9983542416233893,0.00023855725490000543
id05332,0.130787743707394,0.1273862318310975,0.7418260244615085
id15697,0.3573584764149497,0.6118023039002616,0.030839219684787214
id17026,0.8486736387028876,0.12549234660460232,0.0258340146925106
id04243,0.014069189915688852,0.7625995671199159,0.22333124296439444
id13175,0.006432430022278606,0.9864707969570101,0.007096773020712297
id05387,0.04262048895262409,0.9438290268538494,0.013550484193525154
id19989,0.04248455393110535,0.9270656664775838,0.030449779591311944
id25173,0.864172125935989,0.125409602890814,0.010418271173198141
id08925,0.001640802859736877,0.017718637246728855,0.9806405598935338
id03034,0.07027737117253192,0.019250548511129905,0.9104720803163372
id13272,0.013292226631098357,0.009019599590759054,0.9776881737781434
id07956,0.03197763905760853,0.9648707257252647,0.003151635217125752
id02648,0.9125742935425898,0.06958099684190937,0.017844709615500845
id01778,0.9124745372195584,0.08137854380364264,0.006146918976798695
id12846,0.9934208971682289,0.0059104392791873095,0.0006686635525847501
id19001,0.8269567841325866,0.12232427965282913,0.05071893621458465
id05763,0.34322778787687086,0.5133927979102642,0.14337941421286413
id15590,0.9923584551126912,0.007316992345017082,0.00032455254229208063
id04912,0.16368021389719167,0.7699298926698802,0.06638989343292781
id21201,0.022688684391822752,0.8983192193883734,0.07899209621980298
id13215,0.045352463366099854,0.9524726548702602,0.0021748817636401243
id15612,0.021717126562098905,0.35356465693803324,0.6247182164998676
id18501,0.9079404840110709,0.05419597623657751,0.03786353975235199
id07223,0.03556674057477358,0.6731179490020988,0.29131531042312697
id06707,0.3297460484960272,0.4189735045345756,0.2512804469693969
id05238,0.0009066847302957283,0.0024017960843142148,0.9966915191853892
id00935,0.810113626699487,0.014405396515499637,0.17548097678501465
id00110,0.17647992794242048,0.8143453494324312,0.009174722625148136
id17476,0.009962612430317486,0.9174208094105508,0.07261657815913158
id15170,0.0007805321736065546,0.9925095335928773,0.006709934233514442
id13397,0.6814187660287464,0.1860381095730922,0.13254312439816107
id24283,0.06100626952359209,0.8928668072783467,0.046126923198061436
id15234,0.002537609619672303,0.9529224644599879,0.044539925920340284
id16884,0.13594291999787556,0.45308728977386986,0.4109697902282536
id07831,0.16842766520655097,0.5425617530372704,0.2890105817561794
id16038,0.01369391291902779,0.8630963619049852,0.12320972517598718
id03629,0.017195184059927728,0.9506045523352685,0.03220026360480328
id21019,0.03970292501211079,0.7870320174673097,0.1732650575205798
id21835,0.22543453757542542,0.5768747242850345,0.19769073813953997
id04480,0.0005730800754056983,0.10350381912125071,0.8959231008033431
id20838,0.03205020769558939,0.7651887721585962,0.20276102014581363
id24195,0.3256662201025691,0.4928635218416701,0.1814702580557618
id05448,0.050265022275026786,0.8632982177229497,0.08643676000202212
id15957,0.013771775385264317,0.18859280858943392,0.7976354160253016
id19956,0.997499477119171,0.00236023276096074,0.0001402901198687347
id15104,0.9236201125619804,0.043917645162089104,0.03246224227593145
id17559,0.09653677958098976,0.6844775706144367,0.21898564980457325
id16839,0.8144750324231933,0.12458421314976985,0.06094075442703695
id14493,0.21600248117626342,0.7246968847630504,0.05930063406068555
id08833,0.2505381079565581,0.7307324395633547,0.018729452480088275
id15723,0.7162097361079591,0.2598014661304799,0.02398879776156113
id02716,0.008291373551163987,0.9875570409158523,0.004151585532982114
id06689,0.04632370061998729,0.0772954700958375,0.8763808292841758
id18837,0.2824919761916718,0.5448939307325078,0.17261409307581957
id04466,0.010157768240753555,0.9447252199289761,0.04511701183026992
id00686,0.21361740500547352,0.7667474254668633,0.01963516952766452
id09010,0.00889201517270623,0.18572670164991367,0.8053812831773804
id23353,0.032849442089397544,0.962149950645767,0.005000607264834948
id00066,0.014787504589970779,0.6198226959133709,0.36538979949665773
id15724,0.03436657682038187,0.12656580541252252,0.8390676177670952
id23486,0.8762634286975655,0.10757390566344123,0.016162665638992428
id22258,0.9859655839342427,0.007223086892096934,0.0068113291736610565
id02292,0.03321749600374634,0.8228032079907407,0.14397929600551349
id16356,0.5599271720310738,0.4357175521771646,0.00435527579176269
id00235,0.10996963786955521,0.8786296617074285,0.011400700423015452
id25522,0.9288996330140318,0.06726904788762753,0.0038313190983415807
id04204,0.01667589986138305,0.1791491915122076,0.8041749086264091
id22016,0.10008033010391203,0.8377632197592674,0.062156450136820425
id06480,0.032463152029432556,0.12988075517015119,0.8376560928004156
id08718,0.8929958800633603,0.10399940246517932,0.0030047174714598283
id05251,0.0023418272919027688,0.0022089607590621567,0.9954492119490361
id03359,0.04600338149442689,0.882355180908348,0.07164143759722569
id16117,0.947937952870512,0.051878144143075434,0.0001839029864132862
id17000,0.0027717369066461014,0.0027854468468265646,0.9944428162465279
id01730,0.011737078409920759,0.038581540653217,0.949681380936861
id00630,0.015341471230862368,0.8635971397656452,0.12106138900349149
id18175,0.913902290400499,0.08297481042965264,0.0031228991698481813
id00907,0.04443497885728027,0.9164491046208937,0.039115916521825514
id18251,0.004349272749213893,0.052528979330219716,0.9431217479205646
id25861,0.11675146632639989,0.46167721276247337,0.42157132091112587
id00398,0.03240629513788733,0.8426169793241183,0.12497672553799473
id27573,0.013767398919294967,0.986050966732109,0.00018163434859488288
id10022,0.15083575357093898,0.01429734543511051,0.8348669009939506
id15901,0.8170724782747409,0.18246319792208193,0.00046432380317778404
id00451,0.8120858284512924,0.10827104277470972,0.07964312877399643
id23129,0.005952402440690594,0.017949601442942918,0.9760979961163664
id26498,0.13512270260458634,0.34342866282696044,0.5214486345684539
id14741,0.05113428985202908,0.33474762988857204,0.6141180802593993
id18453,0.9063366974623286,0.08350892732062726,0.010154375217044077
id08309,0.00840403565078101,0.8270265815742787,0.16456938277494015
id00320,0.0010071205325093118,0.9971724655179673,0.0018204139495238301
id07688,0.6399064324749069,0.26031285133032867,0.09978071619476406
id01556,0.9861139842256581,0.013100000469718098,0.0007860153046236996
id00178,0.7433148228401958,0.23069514662922258,0.025990030530581278
id18902,0.9323657242315508,0.02977805382802622,0.03785622194042318
id27002,0.026136716583444262,0.3508803794662933,0.6229829039502622
id21418,0.0009196947330472236,0.996047036737382,0.003033268529571521
id23018,0.8669419290735665,0.03299362662173742,0.10006444430469666
id07032,0.7789735015539834,0.2125911548545125,0.008435343591502394
id16195,0.2553317335317317,0.6512380838540174,0.09343018261425015
id11202,0.012053089254847438,0.10280142495030115,0.8851454857948506
id09578,0.14237772515566993,0.8167652881035987,0.040856986740731766
id26984,0.10200809625086409,0.8907500242253605,0.007241879523775334
id19856,0.0015238212455465077,0.029774078190866263,0.9687021005635874
id12086,0.6727910485687749,0.28908015463816317,0.0381287967930613
id12052,0.9197847912232081,0.07374937255917734,0.006465836217614004
id17728,0.9867951179937617,0.00947818029742576,0.0037267017088114143
id24608,0.5613564129402021,0.41604164514929176,0.02260194191050593
id21097,0.8541237545904452,0.11269895962173417,0.03317728578781956
id20179,0.9946472233559366,0.0010686732635844414,0.004284103380481041
id15144,0.1457438153565952,0.721707960535645,0.13254822410775954
id00206,0.019119833177632058,0.9601342890219182,0.0207458778004504
id22285,0.9868511226552343,0.006965347460548737,0.006183529884217806
id06417,0.3174657494760495,0.27219336563826946,0.4103408848856811
id00215,0.005390107578462627,0.2861157491830926,0.7084941432384441
id04201,0.537239372357149,0.4569971097234858,0.005763517919364791
id21771,0.005253413172066069,0.9608713075248183,0.033875279303114854
id12451,0.7920570701024623,0.011148861781191082,0.19679406811634612
id14250,0.20764956837332094,0.09046423032287096,0.701886201303809
id03433,0.0165085617691732,0.10980379643993272,0.8736876417908944
id03303,0.9257442211229917,0.07072472681192793,0.0035310520650813763
id25901,0.36126892207497996,0.25253048968873554,0.38620058823628456
id06945,0.6186023168462127,0.3642357696864804,0.017161913467305955
id05664,0.058311797548110084,0.7666699974265352,0.17501820502535514
id05741,0.0007780975405439303,0.9989020405043568,0.00031986195509896135
id10652,0.033192853782622954,0.9008622551558293,0.06594489106154772
id16300,0.036856614402998526,0.8975604282318489,0.06558295736515109
id12319,0.12698134420136767,0.8084618755975117,0.06455678020112125
id07500,0.0016681470160189449,0.05918173008286492,0.9391501229011165
id12478,0.275139012329429,0.5186143514981968,0.2062466361723738
id03076,0.9675436404064726,0.031760186833628024,0.0006961727599003874
id00969,0.08218021287322247,0.5128756031599842,0.40494418396679244
id23636,0.04950139611044504,0.04843194021354573,0.902066663676009
id09791,0.7105038826179007,0.11540908765380586,0.17408702972829382
id05680,0.10834388704757973,0.04139960490886047,0.8502565080435596
id03672,0.15182387971652744,0.024910321563796408,0.8232657987196771
id04286,0.08574119210154915,0.014091973116993273,0.9001668347814583
id23883,0.6735081607763095,0.016093025876660894,0.31039881334703023
id11914,0.515176226404692,0.47165953029930335,0.013164243296003658
id20974,0.003799518719165254,0.04025940707481978,0.9559410742060166
id26125,0.767752989275855,0.18049228588342903,0.051754724840716755
id15543,0.7462342588487367,0.2492724364955026,0.004493304655760041
id19471,0.005237589533862371,0.9934713379549763,0.0012910725111617847
id11503,0.07256033038724713,0.8398786185285325,0.0875610510842197
id09321,0.09198289612927503,0.02205620838968064,0.8859608954810434
id25560,0.9977165248894145,0.0003901346671975565,0.0018933404433870628
id06726,0.1985349925440371,0.6661628133050482,0.13530219415091527
id05709,0.04144190006215265,0.9569865927907576,0.001571507147091465
id09788,0.2783602555301042,0.21982525502588637,0.5018144894440094
id05289,0.00023231804685757532,0.9956161922861287,0.00415148966701545
id11815,0.01151778060410477,0.018573114941038756,0.9699091044548556
id22422,0.11809172662145134,0.8215994145053478,0.06030885887320174
id25954,0.06686202774228918,0.905068133392187,0.0280698388655246
id13601,0.08214227164890428,0.8422122262100309,0.0756455021410656
id05677,0.09729529726681649,0.8712150800958924,0.03148962263729169
id10498,0.0012037739604213186,0.14852223992964567,0.8502739861099337
id02665,0.031662491181109614,0.7125370903182531,0.2558004185006382
id10114,0.2382989062137821,0.36160624182784873,0.40009485195836825
id26314,0.005196069276358049,0.8690762501806486,0.12572768054299385
id21240,0.6343535896325213,0.21728543566031247,0.14836097470716691
id15569,0.01407640519465025,0.9317780973618597,0.05414549744349184
id25928,0.7554456482240521,0.05409520471372222,0.19045914706222547
id22706,0.0019742277188394596,0.03320433389396538,0.9648214383871957
id20877,0.0525456669815628,0.006051940640365405,0.9414023923780721
id04318,0.05349544519342209,0.9304901313266117,0.016014423479966403
id18299,0.21086794547723453,0.12530362754130234,0.6638284269814636
id08126,0.956085933996216,0.04159095274560975,0.0023231132581732375
id14293,0.5648548378715984,0.431277765020716,0.003867397107685368
id12759,0.05125712374043519,0.9479540880187479,0.0007887882408171305
id11983,0.6124916002181522,0.2816490819276882,0.10585931785416011
id05580,0.08844604358862539,0.14294663951095674,0.7686073169004195
id25846,0.27490659436543435,0.4489884812421144,0.27610492439245066
id01939,0.13297698052483087,0.8162338243175732,0.050789195157596105
id26327,0.13730491007074816,0.08480755187130347,0.7778875380579477
id11068,0.9932192842169191,0.005633815264626461,0.0011469005184551505
id08404,0.01102279136539213,0.984399673343131,0.0045775352914770384
id27189,0.0035376774358691705,0.4845167276469988,0.5119455949171324
id15119,0.03602028803234864,0.018803778919700934,0.9451759330479514
id26525,0.005558234101652412,0.9939660625531371,0.00047570334521097396
id03618,0.01323089426790308,0.837563228094076,0.1492058776380211
id27220,0.006887691483179107,0.9879832817635957,0.005129026753226543
id18777,0.9656145980310921,0.03132430483763942,0.0030610971312684293
id20213,0.030309407500922023,0.9419181382144614,0.027772454284616832
id20403,0.007456221021474822,0.9743269762022281,0.01821680277629749
id03777,0.868114098488861,0.109417219536298,0.022468681974840587
id10595,0.02903341657407006,0.23585816950632238,0.7351084139196072
id13816,0.6584927494066669,0.3008892112892068,0.04061803930412562
id05667,0.9662856695973886,0.03003727819441797,0.0036770522081926186
id24629,0.1577558176290024,0.810674616116344,0.03156956625465311
id20398,0.5397404402895746,0.3706798266364815,0.08957973307394335
id14108,0.9974472108437641,0.0021940245106749526,0.00035876464555995523
id06196,0.0010352860259986033,0.0072401861090426465,0.9917245278649601
id02800,0.03085431183207502,0.4532141653692149,0.5159315227987107
id18732,0.0050816627422463545,0.0032329150628594757,0.9916854221948942
id11915,0.3243324736046525,0.16904044403496765,0.5066270823603791
id09739,0.021760328620195644,0.9542042846417061,0.02403538673809907
id24672,0.009211263335277975,0.9870544775954113,0.003734259069311638
id00414,0.991028788802126,0.00015400725771917172,0.00881720394015344
id16307,0.007306159418185257,0.9480536653602183,0.044640175221596995
id14043,0.8394690768604826,0.1492929953667861,0.011237927772731261
id00517,0.999595875872383,6.825674692646761e-05,0.00033586738069039083
id09744,0.0003868736268531075,0.986283679851902,0.013329446521245226
id19257,0.03996756006355942,0.9478549282532929,0.012177511683148512
id15437,0.012808592724521463,0.7070065788317144,0.2801848284437643
id16352,0.9429710541163971,0.03473142893809743,0.022297516945505604
id18849,0.2508666981436347,0.6927739923174654,0.05635930953890072
id19434,0.000296424522316815,0.0035636575376706216,0.9961399179400128
id17928,0.883919932259731,0.08375629744332681,0.03232377029694305
id16896,0.9142169542061123,0.07193473095215103,0.013848314841736774
id02135,0.5638291363134175,0.1753344979346707,0.26083636575191255
id15075,0.006779588568882047,0.9817676213310271,0.011452790100091955
id27486,0.000953624890073054,0.01235249555207012,0.9866938795578563
id19422,0.00181442874214384,0.9786126753085685,0.01957289594928777
id09603,0.14250333123458844,0.1382897265434704,0.7192069422219419
id02133,0.031599832113485216,0.0709133923860153,0.8974867755005
id03441,0.595239239167978,0.3984400859443197,0.006320674887701355
id02398,0.003252355692863361,0.010254058547787813,0.9864935857593494
id05152,0.7583562102138114,0.2357441188011286,0.005899670985059963
id17838,0.7341181903847009,0.2566237900395153,0.009258019575783937
id25060,0.005053781766828468,0.8569228124414714,0.13802340579169903
id09998,0.8781006179973878,0.0999486786954579,0.02195070330715376
id01828,0.045224308324580575,0.0477296368050306,0.9070460548703898
id25377,0.5004252272074671,0.47063649525032775,0.02893827754220428
id22175,0.004249331717812415,0.2550881739733758,0.7406624943088121
id02974,0.9589366249782738,0.03144526989947944,0.009618105122247082
id26955,0.0003883801963537301,0.9844243861989613,0.015187233604685758
id21091,0.033980755128786434,0.9574166386622642,0.008602606208951372
id12802,0.011430182942837932,0.733785191542243,0.25478462551492
id07432,0.003983967123121043,0.0011959976614668451,0.9948200352154114
id18749,0.035255125205248865,0.10493246027590876,0.859812414518844
id15030,0.9892065915690598,0.002846281725181386,0.007947126705759151
id17155,0.0019041677931823141,0.020702937151568786,0.97739289505525
id08128,0.014528750625448146,0.03328776719582005,0.9521834821787316
id25706,0.05888920646990801,0.005814982101030857,0.9352958114290598
id15645,0.004308408366003464,0.9870487317000272,0.008642859933969179
id04943,0.144631699382864,0.7485998008581713,0.10676849975896503
id27566,0.9847545546458272,0.014265746875200257,0.000979698478971859
id11765,0.7657339582958894,0.1729127022432904,0.061353339460821416
id13783,0.05339462763698354,0.3451665558629983,0.6014388165000186
id00492,0.9841888796792356,0.01392348807200375,0.0018876322487597567
id27636,0.9063428972375832,0.0573685453728441,0.03628855738957206
id04273,0.028019974282031637,0.9093431151817253,0.06263691053624304
id02537,0.7523415304514635,0.18367800935540493,0.06398046019313162
id24349,0.0026498505854048874,0.727414931514192,0.2699352179004027
id00023,0.012650694922223994,0.0012928475170326718,0.986056457560742
id23025,0.017434909911490507,0.23598458002022857,0.7465805100682797
id08722,0.0538581090148525,0.9436726493203133,0.002469241664833743
id02420,9.380965481686526e-05,0.9905990782170626,0.009307112128121305
id10811,0.017579422342914743,0.9784477370266041,0.003972840630479849
id04019,0.9888279546455792,0.004437342885910484,0.0067347024685088545
id18334,0.006025090770764788,0.9423058155351168,0.0516690936941191
id16781,0.0319060554994615,0.40423388509777625,0.5638600594027618
id08773,0.009227378003040208,0.8216225536149602,0.16915006838199995
id19214,0.024979501557040776,0.965904637187111,0.009115861255847636
id09589,0.14529094130310372,0.02515731456564384,0.8295517441312522
id24246,0.019908603771895957,0.9272443915638586,0.0528470046642467
id23577,0.0048935946640724474,0.41429367890971974,0.5808127264262081
id09305,0.21334535510852942,0.748514528783474,0.038140116107996856
id16460,0.8133346922620245,0.12140980128349432,0.06525550645448014
id21115,0.2684345417770798,0.5868770605257362,0.1446883976971833
id25996,0.16992019575709605,0.6759538863260308,0.15412591791687233
id02551,0.9862642451368289,0.007746771840323344,0.0059889830228478024
id19352,0.992470609940774,0.007288223756449771,0.0002411663027769639
id03806,0.9213844856982797,0.05490386118260901,0.0237116531191105
id26544,0.05414982253721156,0.9313894047407917,0.014460772721997417
id18761,0.031294226834037514,0.9173734607046444,0.051332312461316816
id24148,0.0047665769297844975,0.186179024361238,0.8090543987089763
id16095,0.020468272716827267,0.06922024187745868,0.9103114854057129
id18442,0.08163268162174465,0.8417499521020321,0.0766173662762228
id22596,0.9998631482181485,8.773163647688265e-05,4.9120145374154864e-05
id23002,0.9192397219167266,0.06716807844218807,0.013592199641084525
id04797,0.0017844300115088642,0.9971480726495927,0.0010674973388981547
id06610,0.8852321338498563,0.10533362546890457,0.009434240681239952
id16173,0.10023581954751258,0.3425805590623311,0.5571836213901562
id18292,0.9410141117076283,0.031749820137735314,0.027236068154634682
id27328,0.005131441210758883,0.9941748678128269,0.0006936909764139733
id01695,0.028643230043595078,0.01838844644350622,0.9529683235128978
id05761,0.7648889499629757,0.23029988308432994,0.004811166952694793
id16354,0.04516711447315844,0.9539949691676747,0.0008379163591667387
id12207,0.5198222693700008,0.044737991463097364,0.4354397391669025
id05665,0.8649424370286117,0.11707580560984508,0.017981757361544497
id01911,0.011698173166701442,0.9363436276973164,0.0519581991359823
id19153,0.9011089545686585,0.09286110537680252,0.006029940054537458
id10295,0.269897582240755,0.37895472796246726,0.3511476897967788
id23038,0.08623112447318734,0.45662522363594926,0.457143651890863
id23783,0.004399741245903503,0.29597293892574356,0.6996273198283526
id27879,0.005603223712268083,0.9592435131907937,0.03515326309693803
id19190,0.0011116530616377476,0.031103965509525596,0.9677843814288362
id05065,0.09225945507001822,0.8866420290049916,0.021098515924991058
id21296,0.026649544037122174,0.10675929468730173,0.866591161275576
id13262,0.5368629522624148,0.176026967566151,0.287110080171434
id10333,0.02628943842461517,0.9662082684631621,0.007502293112222719
id16677,0.34989942598254314,0.29122142639096754,0.35887914762649104
id01392,0.6951359829839562,0.26535259966494157,0.03951141735110244
id27874,0.033628090534249484,0.9330293412582819,0.03334256820746846
id02294,0.08034081389713545,0.012109201409790982,0.9075499846930732
id18298,0.9290867676583576,0.016620287940419073,0.05429294440122337
id06997,0.0011690419741982481,0.9932699763604926,0.005560981665309281
id05243,0.44699511969217814,0.23126869757364743,0.3217361827341749
id00860,0.1671762300837283,0.21572416910350756,0.6170996008127658
id26681,0.0007026528967480607,0.9272910087450558,0.0720063383581964
id06020,0.9797075690117122,0.020162433048469007,0.000129997939819227
id27683,0.02324272185511821,0.8744683163643573,0.10228896178052521
id17655,0.00447002210953163,0.016553992537950427,0.9789759853525184
id08817,0.9469220415815552,0.021365463898415035,0.03171249452002986
id11512,0.9809700654147183,0.005608715718071088,0.013421218867209171
id00478,0.8396177638788026,0.12888073496045727,0.031501501160740596
id02116,0.038253272858404484,0.9264118417652437,0.03533488537635157
id06746,0.011086639485576977,0.8814299354074735,0.10748342510694911
id03863,0.047177839018443454,0.34041078547709464,0.6124113755044618
id01802,0.2982958733379487,0.1125128131129491,0.5891913135491013
id11682,0.20922797580842686,0.7766291206911144,0.014142903500458943
id04033,0.011909090109610715,0.008182620391060434,0.9799082894993275
id09286,0.5045225241417043,0.22950954563426515,0.26596793022402915
id12904,0.010065820625751728,0.9867186797981244,0.0032154995761231086
id07420,0.9933941976263491,0.0029347760668511145,0.0036710263067981823
id22398,0.002109779589295523,0.0008359697423592932,0.997054250668344
id00424,0.8278388477903736,0.16104217742460494,0.011118974785020865
id20960,0.0013297927609765528,0.9915380189568185,0.007132188282204578
id10267,0.27334326888078564,0.4498025638309162,0.2768541672882977
id19330,0.6366911888705129,0.354493864432552,0.008814946696936046
id00994,0.015216500495549295,0.0034328304284600877,0.9813506690759901
id10785,0.04289993645398517,0.8311820488449141,0.12591801470109995
id00955,0.015485275492840069,0.030524842452478832,0.9539898820546817
id09757,0.005499146755906752,0.03667486085210757,0.9578259923919871
id10030,0.5585442240955412,0.09489910328539121,0.34655667261906786
id22952,0.5810525071854175,0.1269327109151017,0.2920147818994814
id21955,0.9603181935607883,0.0021314250274006726,0.0375503814118106
id07674,0.05506876841035548,0.8913748254354457,0.05355640615419863
id13760,0.006014828287659666,0.04853080697961096,0.945454364732729
id18166,0.008196890106106535,0.9872275966326448,0.004575513261248849
id23498,0.002939637635617685,0.945662435813809,0.05139792655057302
id05296,0.007897643736400166,0.9911309677449228,0.0009713885186778379
id26709,0.01662781813444848,0.9717744474918731,0.011597734373676812
id02853,0.0021890214634742774,0.988010147147682,0.009800831388843823
id06800,0.4502275452299967,0.2672386452490592,0.2825338095209441
id14758,0.006935632797881009,0.5258181728634653,0.46724619433865494
id12356,0.003556017642978014,0.9917063748530491,0.004737607503973762
id21492,0.007285272170143423,0.9711483466751184,0.021566381154737687
id27540,0.2915663859054855,0.6904885446521637,0.017945069442350827
id07376,0.620971324187842,0.17426595779107748,0.20476271802107934
id15201,0.04907606169324907,0.26262238875184535,0.6883015495549051
id23388,0.03382696454042425,0.026884108016282236,0.9392889274432951
id13923,0.016711370548441032,0.12307493195523231,0.8602136974963266
id00794,0.023997927593724735,0.008119719417106687,0.9678823529891667
id23910,0.7673633577817871,0.09106750573097579,0.14156913648723704
id02556,0.9504036431254422,0.016915248678781823,0.03268110819577546
id22151,0.00036263911945786704,0.03699062719538158,0.9626467336851618
id11698,0.042147157120127295,0.05088446089347272,0.9069683819863996
id11627,0.5176477465623863,0.466477327019312,0.01587492641830127
id06340,0.003889276652981459,0.9949177502856137,0.0011929730614050995
id05123,0.03971439121043096,0.9288616926928472,0.03142391609672151
id26620,0.9831215361118467,0.014637958282078306,0.002240505606075471
id04002,0.7991037730536207,0.12292590059994614,0.0779703263464321
id26554,0.40970484464228607,0.29176532629687196,0.2985298290608417
id18012,0.38155905948015434,0.5640664701809368,0.054374470338907965
id12964,0.8841337896852728,0.09761355717813491,0.018252653136592186
id18965,0.25976876235880586,0.02911342707998565,0.7111178105612083
id19082,0.8598768929254483,0.13019445363405813,0.009928653440493602
id26742,0.962530813220815,0.03694100914412175,0.0005281776350649769
id15442,0.005379316713297579,0.07114278470142955,0.9234778985852722
id16647,0.2300266351158902,0.6148438641100776,0.15512950077403298
id11544,0.8437843359911792,0.12978101026661443,0.026434653742205917
id20581,0.6083798810840558,0.35626701100218977,0.03535310791375456
id13192,0.053826342731737704,0.21771868690126703,0.7284549703669954
id15814,0.8712688274124076,0.06771006755076875,0.061021105036824584
id26279,0.00841183660390145,0.1610686449498383,0.8305195184462607
id00240,0.00997680443143863,0.9735323805065836,0.016490815061977474
id22836,0.007219057187554767,0.9923665704665697,0.00041437234587524065
id15085,0.40403772639356944,0.016915980749817355,0.5790462928566117
id17495,0.41680418664895813,0.5701893787735973,0.013006434577444896
id26762,0.12762438641971993,0.8589306675475449,0.013444946032735057
id13685,0.015825808335720316,0.9841519483320027,2.2243332278832454e-05
id16560,0.0012883541693427343,0.014652650217978682,0.9840589956126784
id17184,0.0036982135364426474,0.004255272543003793,0.992046513920553
id21635,0.001150710310177834,0.9981067807292632,0.0007425089605591978
id26751,0.30045508077559324,0.4585751626859882,0.24096975653841915
id12351,0.02042694253503967,0.9742168063300896,0.005356251134871057
id14872,0.07018311186833269,0.21128207068481217,0.718534817446855
id18372,0.02128785937119743,0.9530222302302902,0.02568991039851215
id26851,0.030236022105917474,0.9425132577649076,0.02725072012917553
id22659,0.0010003757788423421,0.7100867748056794,0.28891284941547707
id04102,0.9763294283134584,0.02336672066901573,0.0003038510175260642
id02353,0.03366775395817528,0.0722349843622159,0.8940972616796075
id26721,0.0009017791565158621,0.9936654321733581,0.005432788670125194
id11171,0.14380305528083592,0.8228608928518724,0.0333360518672925
id13562,0.020897552407278915,0.647552606763425,0.33154984082929617
id26425,0.1845588762289495,0.7385869288139225,0.0768541949571288
id26394,0.49088954697047116,0.4063021281928746,0.10280832483665431
id22187,0.04994174856467127,0.70917542042966,0.24088283100566885
id00422,0.0002924667495287182,0.9965217432752947,0.003185789975175021
id22667,0.0002773569023528766,0.004028003991018054,0.9956946391066299
id00911,0.04649994568812916,0.9430196339638107,0.010480420348059814
id17291,0.7906232593522258,0.20103659098455234,0.008340149663222772
id01915,0.9087130187597594,0.028052852062227497,0.06323412917801213
id01434,0.7992764247551942,0.14219500994954604,0.058528565295259696
id01584,0.2647587123368897,0.7174043647150641,0.01783692294804644
id09266,0.0354611057944841,0.9616393113993652,0.002899582806149989
id17494,0.003636292375889714,0.0023930826720595434,0.9939706249520502
id24919,0.5220903827532187,0.2148113893272196,0.2630982279195613
id21043,0.9370156160411226,0.06282973083196397,0.00015465312691542322
id17796,0.0006320011790035653,0.030557833956350658,0.9688101648646467
id02166,0.5096981846021055,0.4305285272600607,0.05977328813783433
id17503,0.14665794393973675,0.8486095499296759,0.004732506130587226
id21203,0.5571966690398467,0.34126335157834053,0.1015399793818126
id25626,0.0002033304250844835,0.9974690267674283,0.0023276428074883453
id09836,0.004534669639209561,0.9885687190314801,0.006896611329310876
id24202,0.9422958578598578,0.010884504673280261,0.04681963746686197
id27260,0.19750615710557806,0.7555447178381116,0.046949125056311
id23167,0.9860303062205837,0.010924626648359448,0.0030450671310571016
id10393,0.005872880407772032,0.012387631146981253,0.9817394884452462
id01171,0.0015398842207016447,0.9256365287068874,0.0728235870724112
id06380,0.029878432063780106,0.9610671983229749,0.00905436961324474
id22686,0.9212404156715586,0.07582787235117515,0.0029317119772669514
id26250,0.8014169359950849,0.16893754563165356,0.02964551837326215
id09315,0.15172186029133897,0.3112669303173149,0.5370112093913467
id00886,0.241810535011353,0.08983608824190814,0.6683533767467382
id03101,0.14695393144112145,0.8408863380656839,0.012159730493192812
id12367,0.2710810742868869,0.7029725991828086,0.025946326530304528
id10770,0.04188816772668082,0.9438928032311563,0.014219029042162974
id14949,0.0009882009230791503,0.026966208721754748,0.9720455903551669
id14141,0.005600004727197249,0.22868675976644204,0.7657132355063603
id25417,0.08320276510802438,0.6553003391779296,0.2614968957140456
id26873,0.03364255802674632,0.9327822486144534,0.03357519335880045
id10818,0.5496734697073344,0.43414379200212205,0.016182738290543022
id15146,0.26929286482587983,0.7222415792211421,0.008465555952977688
id23328,0.012501575683618345,0.9741157117381859,0.01338271257819445
id16765,0.4742046545510661,0.22068520016556128,0.3051101452833734
id24383,0.05666371907565109,0.9431404606975473,0.00019582022680273903
id21304,0.006964178020952578,0.9522193703247201,0.040816451654326596
id12551,0.009395221222254911,0.01689753965018904,0.9737072391275547
id23274,0.8340698319529359,0.03767432178312205,0.1282558462639419
id08117,0.0390024486025613,0.9305358658325801,0.03046168556485869
id23961,0.04285523933069921,0.9546470730411801,0.0024976876281206516
id13865,0.0025135179777085468,0.02275439765796229,0.97473208436433
id22807,0.8637044215289282,0.11986095592105182,0.01643462255002046
id08951,0.7791751931983897,0.12678889552178316,0.09403591127982674
id18684,0.0008603863629755435,0.9976753155908228,0.001464298046201818
id25179,0.12058706057321737,0.2271117503394372,0.6523011890873464
id27033,0.07981651823446574,0.9171080421119648,0.003075439653570755
id13977,0.07104542104418553,0.12868942711198558,0.8002651518438285
id19337,0.030978210990547646,0.004473378538891074,0.9645484104705626
id25764,0.0007182488972938271,0.008143166252212763,0.9911385848504927
id16106,0.6073911957278453,0.36208921559817486,0.03051958867397927
id05468,0.9616975545838815,0.036846082088995785,0.0014563633271217657
